51123 51123 0.0
51125 51125 0.0
51124 51124 0.0
51121 51121 0.0
51120 51120 0.0
51122 51122 0.0
51119 51119 0.0
51126 51126 0.0
51060 51060 0.0
49960 49960 0.0
51126 51123 1.17510291849
51123 51126 1.17510291849
51122 51060 1.32706665393
51060 51122 1.32706665393
49960 51060 1.36499070154
51060 49960 1.36499070154
51126 51125 1.4016760416
51125 51126 1.4016760416
51060 51125 1.41256641473
51125 51060 1.41256641473
51124 51122 1.41689276188
51122 51124 1.41689276188
51122 51119 1.42086990394
51119 51122 1.42086990394
51119 51124 1.42209433078
51124 51119 1.42209433078
51060 51119 1.43048607292
51119 51060 1.43048607292
51125 51123 1.43120837791
51123 51125 1.43120837791
51120 51060 1.45882170511
51060 51120 1.45882170511
51060 51124 1.46513185682
51124 51060 1.46513185682
51122 51125 1.46739776994
51125 51122 1.46739776994
51122 49960 1.47453187318
49960 51122 1.47453187318
49960 51120 1.48792793197
51120 49960 1.48792793197
51119 51125 1.50628711576
51125 51119 1.50628711576
51060 51123 1.51388766448
51123 51060 1.51388766448
49960 51119 1.52095194677
51119 49960 1.52095194677
51125 49960 1.52266056587
49960 51125 1.52266056587
49960 51124 1.53109848454
51124 49960 1.53109848454
51120 51122 1.53333965349
51122 51120 1.53333965349
51125 51120 1.53573739364
51120 51125 1.53573739364
51119 51120 1.5371971657
51120 51119 1.5371971657
51125 51124 1.54098931975
51124 51125 1.54098931975
51060 51126 1.5421921243
51126 51060 1.5421921243
49960 51123 1.55492109868
51123 49960 1.55492109868
49960 51121 1.55494263839
51121 49960 1.55494263839
51123 51122 1.55568445208
51122 51123 1.55568445208
51124 51120 1.55607952381
51120 51124 1.55607952381
51120 51126 1.55665488565
51126 51120 1.55665488565
51126 49960 1.55868829964
49960 51126 1.55868829964
51119 51123 1.56135552574
51123 51119 1.56135552574
51122 51126 1.56168727026
51126 51122 1.56168727026
51121 51120 1.56215166915
51120 51121 1.56215166915
51119 51126 1.56254660034
51126 51119 1.56254660034
51120 51123 1.56254798186
51123 51120 1.56254798186
51121 51060 1.56319623447
51060 51121 1.56319623447
51123 51124 1.56515149065
51124 51123 1.56515149065
51123 51121 1.56546724647
51121 51123 1.56546724647
51126 51124 1.56584730794
51124 51126 1.56584730794
51125 51121 1.56587394482
51121 51125 1.56587394482
51121 51119 1.56634930132
51119 51121 1.56634930132
51121 51122 1.56663301408
51122 51121 1.56663301408
51124 51121 1.56829611912
51121 51124 1.56829611912
51121 51126 1.56911042515
51126 51121 1.56911042515
